10
7 15 12 4 10 8 13 7 12 12 
8 7 13 10 6 9 8 12 14 13 
0.17961001658041664 0.009443682987278046 0.30122477862232555 0.06490808423655459 0.7448802137803706 0.9049804485058305 0.12936247724560046 0.626369075579331 0.9877714172809584 0.1345956933641529 
0.3764089238578324 0.3480878511787173 0.9824847758378158 0.5295965472024731 0.10019044057231907 0.6175837876156668 0.44230637138067463 0.2685349765464242 0.8160140314368126 0.39119986994708256 
0.10698859870015098 0.2921488805441196 0.9450241930344753 0.9883380349685456 0.021495589919362512 0.28655433477562364 0.8946959934946741 0.42422110971451754 0.8336338234612817 0.07878356387410956 
0.9990948138072908 0.36428200886814555 0.25626373033184735 0.6395896482914496 0.3362491177768584 0.3272084770402435 0.9367209505787082 0.9067908517036012 0.024154824873645286 0.8083544077859522 
0.4637708670264754 0.05328469376307776 0.9213394304499298 0.6328105974768259 0.6935310156143146 0.8287913409500397 0.33507489103002874 0.39210513421811444 0.23699141660760015 0.6929981598889181 
0.13609424582646257 0.9912124856807817 0.009477075103763388 0.711851857191269 0.5285062822118826 0.785010384758346 0.23383734855885852 0.4860090797717679 0.9360789472188508 0.5230100256471416 
0.5036877518068609 0.5027277743159664 0.948286989062604 0.5305506075341159 0.9867639084427812 0.3846270113486139 0.5222202434812211 0.23696750183645743 0.07558822817655686 0.8533183313714127 
0.2919769977812855 0.6393497075947044 0.3516634874975343 0.2570718341025807 0.13776153941114566 0.8310385247353578 0.04540739939511973 0.11592249278748801 0.13220305223388173 0.3722748268023047 
0.13101436495742824 0.828595588196776 0.47143984105002024 0.8372879066487051 0.6297590746328203 0.636181021891277 0.8175772493816846 0.09930662844929283 0.322778520842964 0.013649792780764947 
0.160869137860556 0.42777027263008394 0.7652283513956321 0.18684641634833143 0.14816369647170646 0.8899007264464726 0.8054521994311941 0.8519603608829618 0.3535186191422709 0.6328923145596594 
