20
2 3 1 1 0 3 0 1 2 0 0 2 0 1 0 3 1 0 0 0 
2 1 0 1 1 4 0 2 0 1 0 1 0 0 0 0 1 1 3 2 
0.27423996305129106 0.015818499481641823 0.06287480270221169 0.36617372856948205 0.020492300189689838 0.12452448398155835 0.04458259329702874 0.9802137596140401 0.7353812867110286 0.5438723210673533 0.8778102924818024 0.032815198838368476 0.5123302835899659 0.51127279690913 0.6699714323464959 0.700749219688137 0.9776237992831182 0.8138103659180848 0.7203489504627187 0.946839699870323 
0.7812941960078147 0.742741126845784 0.05352389086523435 0.22005488055113043 0.4766684002586342 0.2688928575094611 0.5934103476843355 0.03526565673290438 0.6519778861559303 0.1375610562735875 0.2029727854200316 0.8061029608191982 0.6075059807518475 0.6524753103031736 0.1972360720293258 0.025932308194535847 0.3895318055264827 0.029261866805246783 0.03255714922183561 0.9435020458995085 
0.6960863321626369 0.025719499125486434 0.2896989061536671 0.3246204162906653 0.8629640291947136 0.1563544967748376 0.14350600284428894 0.3695242783422118 0.8348669907351374 0.5021092441509232 0.9192998636169858 0.2469616840650024 0.9070271031054958 0.9365037974146733 0.48793326096084033 0.6090369787777893 0.043211040859772565 0.24350183348633747 0.18788109302369715 0.2689260814050981 
0.8285699923137307 0.23666830951643414 0.696489144169574 0.8857820170836798 0.6542992399987769 0.47499982237051075 0.8222218785324898 0.23790514505843963 0.7735744053150151 0.7882112881530545 0.78347823601007 0.5181419278069873 0.9253056374050785 0.23102340406471233 0.8348895396385339 0.183472941514646 0.09209696358814834 0.8110797588252499 0.6048116893619049 0.3718040740379899 
0.41558010589867356 0.9054348791551445 0.4767915643913947 0.5370018289736366 0.3929985230863986 0.12028550291752582 0.39567454538370206 0.0837889170732884 0.9983206308032971 0.015993163209374717 0.6709289572403251 0.9098008970943885 0.9233220352082021 0.5311117276321328 0.3978316429466121 0.5429304374929416 0.41847027059426944 0.42421214073226665 0.8796149341418527 0.2726016064425498 
0.4844896756745767 0.6035200989090764 0.7901125842455252 0.0009660745440053242 0.9883891671709382 0.531122111898709 0.30047429242106394 0.9514027788502393 0.6275647627698947 0.46930061652402577 0.6349468691080448 0.5995467204698857 0.022246157353774665 0.6344606579971737 0.21000500291954083 0.48455351649727096 0.3327600246010478 0.0932012282165493 0.7380397996279509 0.8066448559177591 
0.007670164559015036 0.3498128143994296 0.8596388975036591 0.915233993038011 0.07176634063341925 0.19606743244711933 0.20572578584357004 0.594107939042659 0.507666105936927 0.2510382171189849 0.1047585420184155 0.5976339876144313 0.7866883544693648 0.06306500861841768 0.7811317588250235 0.13565316321076437 0.0689553431558182 0.5735441025520962 0.5536750918894285 0.4405568461803887 
0.0412245862172721 0.8134582114688177 0.8293833014171855 0.29976754145487694 0.5024326756826356 0.06195981279992657 0.6706039130070999 0.16328602691791394 0.14787761263099874 0.06371867828549327 0.04582186095357843 0.3553747748188104 0.5238245088680346 0.746596267529312 0.9340188666330576 0.2016042328984342 0.2993285758897566 0.962583576883141 0.6951705953159092 0.05019365304902623 
0.7332686408838397 0.179112494607088 0.49066727716371916 0.6437591217854833 0.7144197763633315 0.34070228770011457 0.7925233881129446 0.6995373378542521 0.0654134233081316 0.8087679933031106 0.23887219496113932 0.36698962194189844 0.024771538027938966 0.20360512403504993 0.043171438314125066 0.7310680724854611 0.3848030730609303 0.12053611738455028 0.9464137577047965 0.46786724644010114 
0.6050634012523955 0.42522482950240603 0.06570643694511302 0.054277860275729894 0.013906862259600694 0.552660519934388 0.6588745737619172 0.9362810825513326 0.18648904298971603 0.7910778049422321 0.27345155273149846 0.48108258552581185 0.9784077590554462 0.9604207981927503 0.1725612953919452 0.8380156153285584 0.47156166741853245 0.9235973070896365 0.059650248183629295 0.9840337134950075 
0.23176604448437832 0.37895541088334095 0.3676701752339059 0.3417079025140003 0.12475624929056128 0.8158381155111839 0.02187334026802157 0.11615563781248373 0.9509413500463052 0.04912594378649782 0.6918419321482564 0.6360289585900227 0.6934093978825864 0.8076451453960315 0.4953273912206301 0.5816975640235521 0.6911158256573079 0.5709199599563323 0.5487291396688552 0.2794714764605012 
0.1749941515441623 0.5563078101288357 0.7786002770672539 0.6920492652503536 0.08675878624570221 0.5474081680665901 0.41145639461917327 0.7163870406855729 0.6299111644673064 0.2716341962004969 0.3220271494564684 0.4275060064496605 0.4924378016003378 0.46934220334931254 0.8810392508718455 0.7764860735801491 0.14392275841054303 0.05426090934788608 0.5003147481668592 0.3533780606742145 
0.5298433836637667 0.46517185631764424 0.36585832497319304 0.7812486120494283 0.18686053720044538 0.59543896188584 0.30085202618403684 0.307850195678113 0.18459062371416668 0.027444846245385013 0.5174271442282738 0.9090961996175541 0.8333379875424544 0.5649980885645388 0.27599051563938637 0.4592393690070159 0.07482510599116543 0.5181745733794766 0.3564131724141155 0.5089493160291491 
0.01794097398551453 0.39706777560942763 0.15200867046903854 0.7441009316304744 0.9332853032320025 0.4018046189715988 0.1572542425271254 0.4403751865833804 0.45044761135172917 0.8248924791946085 0.6376537523436134 0.8964785913937859 0.8467895440980352 0.8829787221512588 0.6820923007085393 0.29232874289956856 0.11020344917073832 0.934120468068693 0.7149890344046427 0.23476206317210468 
0.414565644708053 0.6059059700063066 0.4489456626849718 0.4508198984461065 0.3778439341281069 0.40016412724574724 0.41962472253787186 0.6100690039224844 0.02055410969150062 0.09381829296548994 0.8979212019916644 0.19930325846768748 0.3128239099066181 0.3780333172218425 0.2616586670979727 0.26011403393401 0.38667488936316574 0.6826799720414685 0.5626528493266029 0.24040146861071343 
0.6414597158883482 0.6186816122005088 0.9304629345188979 0.23727694841852776 0.8345430607365402 0.15770685948556995 0.7267418440999881 0.22046184623609266 0.8654971663389731 0.4602319647420027 0.6197126487892859 0.5935969947406958 0.7802226702068874 0.3096763953276711 0.1708008697096387 0.5366557564716337 0.33153459905702864 0.2675689495351462 0.5502245614893688 0.3370488106194285 
0.8632944369898727 0.7470928253394383 0.9822710480074508 0.8749214698775409 0.3781898806237649 0.1576785226914843 0.5887563705432227 0.7881034707857604 0.6253798320518442 0.08050733137734145 0.770593126266265 0.41180746882453534 0.3583454805385653 0.5759956765179378 0.31845341959446727 0.46855296852141437 0.18705675120530674 0.8731891847675034 0.8320684118549417 0.2541360364743045 
0.23996993517164822 0.21557909425222943 0.8365907690363644 0.3014387886282893 0.1236912426964547 0.17411287016235732 0.5176996341526142 0.754636559865084 0.05118023826875595 0.8104239493214741 0.7246614482959439 0.1750269318718093 0.28475475381151527 0.8872904004514631 0.6273628569917574 0.6345255652678825 0.18687482470078265 0.8602504650184816 0.3927213746330368 0.04371221244986756 
0.4155969140591558 0.5259755206165987 0.6534896327855015 0.12212429076261777 0.07961774304525426 0.12291831264953734 0.754512866403242 0.10733085217643135 0.13897478278406783 0.3961442605056329 0.23479090355712495 0.9132298722624371 0.0692309215906588 0.4767846021832637 0.2678749010178133 0.7925435640204221 0.15684103862890042 0.8351644484470634 0.68881534305949 0.013832027460935592 
0.49935043175367677 0.6206842406088624 0.38664886934683185 0.30716780507127983 0.15337224309687947 0.5209526249973603 0.2549434319182472 0.09114382023619572 0.8443896102403521 0.6674667462606186 0.8205200216665188 0.04367707467639392 0.13250237686843158 0.6346382767178347 0.23154831793153963 0.6165984701301686 0.9168074156941284 0.3820980777302415 0.9828499144334915 0.9946015670804799 
